1461322607170, 5555, 41192, 1, 0, 0, 0, 0, 0, 0, 0
1461322607175, 7000, 6000, 0, 0, 0, 1, 0, 0, 0, 0
1461322607175, 5555, 41192, 3, 0, 0, 0, 0, 0, 0, 0
1461322607175, 7000, 6000, 0, 0, 0, 1, 0, 0, 0, 0
1461322607175, 5555, 41192, 5, 0, 0, 0, 0, 0, 0, 0
1461322607175, 7000, 6000, 0, 0, 0, 1, 0, 0, 0, 0
1461322607175, 5555, 41192, 6, 0, 0, 0, 0, 0, 0, 0
1461322607176, 7000, 6000, 0, 0, 0, 1, 0, 0, 0, 0
1461322607176, 5555, 41192, 7, 0, 0, 0, 0, 0, 0, 0
1461322607176, 7000, 6000, 0, 0, 0, 1, 0, 0, 0, 0
1461322608223, 5555, 41192, 0, 0, 0, 0, 0, 0, 0, 0
1461322608223, 7000, 6000, 0, 2, 0, 1, 0, 0, 0, 0
1461322608229, 5555, 41192, 9, 0, 0, 0, 0, 0, 0, 0
1461322608229, 7000, 6000, 0, 2, 0, 1, 0, 0, 0, 0
1461322608239, 5555, 41192, 2, 0, 0, 0, 0, 0, 0, 0
1461322608240, 7000, 6000, 0, 4, 0, 1, 0, 0, 0, 0
1461322608251, 5555, 41192, 4, 0, 0, 0, 0, 0, 0, 0
1461322608251, 7000, 6000, 0, 8, 0, 1, 0, 0, 0, 0
1461322608257, 5555, 41192, 12, 0, 0, 0, 0, 0, 0, 0
1461322608257, 7000, 6000, 0, 8, 0, 1, 0, 0, 0, 0
1461322608262, 5555, 41192, 8, 0, 0, 0, 0, 0, 0, 0
1461322608262, 7000, 6000, 0, 10, 0, 1, 0, 0, 0, 0
1461322608262, 5555, 41192, 8, 0, 0, 0, 0, 0, 0, 0
1461322608263, 7000, 6000, 0, 10, 0, 1, 0, 0, 0, 0
1461322608281, 5555, 41192, 10, 0, 0, 0, 0, 0, 0, 0
1461322608281, 7000, 6000, 0, 11, 0, 1, 0, 0, 0, 0
1461322608292, 5555, 41192, 11, 0, 0, 0, 0, 0, 0, 0
1461322608292, 7000, 6000, 0, 13, 0, 1, 0, 0, 0, 0
1461322608294, 5555, 41192, 13, 0, 0, 0, 0, 0, 0, 1
1461322608295, 7000, 6000, 0, 13, 0, 1, 0, 0, 0, 1
