1461321898653, 5555, 41192, 0, 0, 0, 0, 0, 0, 0, 0
1461321898658, 7000, 6000, 0, 1, 0, 1, 0, 0, 0, 0
1461321898664, 5555, 41192, 1, 0, 0, 0, 0, 0, 0, 0
1461321898664, 7000, 6000, 0, 2, 0, 1, 0, 0, 0, 0
1461321898691, 5555, 41192, 2, 0, 0, 0, 0, 0, 0, 0
1461321898691, 7000, 6000, 0, 3, 0, 1, 0, 0, 0, 0
1461321898745, 5555, 41192, 3, 0, 0, 0, 0, 0, 0, 0
1461321898745, 7000, 6000, 0, 4, 0, 1, 0, 0, 0, 0
1461321898773, 5555, 41192, 4, 0, 0, 0, 0, 0, 0, 0
1461321898773, 7000, 6000, 0, 5, 0, 1, 0, 0, 0, 0
1461321898790, 5555, 41192, 5, 0, 0, 0, 0, 0, 0, 0
1461321898790, 7000, 6000, 0, 6, 0, 1, 0, 0, 0, 0
1461321898806, 5555, 41192, 6, 0, 0, 0, 0, 0, 0, 0
1461321898806, 7000, 6000, 0, 7, 0, 1, 0, 0, 0, 0
1461321898845, 5555, 41192, 7, 0, 0, 0, 0, 0, 0, 0
1461321898845, 7000, 6000, 0, 8, 0, 1, 0, 0, 0, 0
1461321898863, 5555, 41192, 8, 0, 0, 0, 0, 0, 0, 0
1461321898863, 7000, 6000, 0, 9, 0, 1, 0, 0, 0, 0
1461321898880, 5555, 41192, 9, 0, 0, 0, 0, 0, 0, 0
1461321898881, 7000, 6000, 0, 10, 0, 1, 0, 0, 0, 0
1461321898908, 5555, 41192, 10, 0, 0, 0, 0, 0, 0, 0
1461321898909, 7000, 6000, 0, 11, 0, 1, 0, 0, 0, 0
1461321898914, 5555, 41192, 11, 0, 0, 0, 0, 0, 0, 0
1461321898915, 7000, 6000, 0, 12, 0, 1, 0, 0, 0, 0
1461321898926, 5555, 41192, 12, 0, 0, 0, 0, 0, 0, 0
1461321898926, 7000, 6000, 0, 13, 0, 1, 0, 0, 0, 0
1461321898933, 5555, 41192, 13, 0, 0, 0, 0, 0, 0, 1
1461321898934, 7000, 6000, 0, 13, 0, 1, 0, 0, 0, 1
