1461321898643, 5555, 41192, 0, 0, 0, 0, 0, 0, 0, 0
1461321898658, 7000, 6000, 0, 1, 0, 1, 0, 0, 0, 0
1461321898659, 5555, 41192, 1, 0, 0, 0, 0, 0, 0, 0
1461321898664, 7000, 6000, 0, 2, 0, 1, 0, 0, 0, 0
1461321898664, 5555, 41192, 2, 0, 0, 0, 0, 0, 0, 0
1461321898686, 5555, 41192, 2, 0, 0, 0, 0, 0, 0, 0
1461321898691, 7000, 6000, 0, 3, 0, 1, 0, 0, 0, 0
1461321898692, 5555, 41192, 3, 0, 0, 0, 0, 0, 0, 0
1461321898708, 5555, 41192, 3, 0, 0, 0, 0, 0, 0, 0
1461321898724, 5555, 41192, 3, 0, 0, 0, 0, 0, 0, 0
1461321898740, 5555, 41192, 3, 0, 0, 0, 0, 0, 0, 0
1461321898745, 7000, 6000, 0, 4, 0, 1, 0, 0, 0, 0
1461321898746, 5555, 41192, 4, 0, 0, 0, 0, 0, 0, 0
1461321898757, 5555, 41192, 4, 0, 0, 0, 0, 0, 0, 0
1461321898768, 5555, 41192, 4, 0, 0, 0, 0, 0, 0, 0
1461321898773, 7000, 6000, 0, 5, 0, 1, 0, 0, 0, 0
1461321898774, 5555, 41192, 5, 0, 0, 0, 0, 0, 0, 0
1461321898785, 5555, 41192, 5, 0, 0, 0, 0, 0, 0, 0
1461321898790, 7000, 6000, 0, 6, 0, 1, 0, 0, 0, 0
1461321898790, 5555, 41192, 6, 0, 0, 0, 0, 0, 0, 0
1461321898801, 5555, 41192, 6, 0, 0, 0, 0, 0, 0, 0
1461321898806, 7000, 6000, 0, 7, 0, 1, 0, 0, 0, 0
1461321898807, 5555, 41192, 7, 0, 0, 0, 0, 0, 0, 0
1461321898818, 5555, 41192, 7, 0, 0, 0, 0, 0, 0, 0
1461321898829, 5555, 41192, 7, 0, 0, 0, 0, 0, 0, 0
1461321898840, 5555, 41192, 7, 0, 0, 0, 0, 0, 0, 0
1461321898845, 7000, 6000, 0, 8, 0, 1, 0, 0, 0, 0
1461321898846, 5555, 41192, 8, 0, 0, 0, 0, 0, 0, 0
1461321898852, 5555, 41192, 8, 0, 0, 0, 0, 0, 0, 0
1461321898858, 5555, 41192, 8, 0, 0, 0, 0, 0, 0, 0
1461321898863, 7000, 6000, 0, 9, 0, 1, 0, 0, 0, 0
1461321898863, 5555, 41192, 9, 0, 0, 0, 0, 0, 0, 0
1461321898869, 5555, 41192, 9, 0, 0, 0, 0, 0, 0, 0
1461321898875, 5555, 41192, 9, 0, 0, 0, 0, 0, 0, 0
1461321898881, 7000, 6000, 0, 10, 0, 1, 0, 0, 0, 0
1461321898881, 5555, 41192, 10, 0, 0, 0, 0, 0, 0, 0
1461321898892, 5555, 41192, 10, 0, 0, 0, 0, 0, 0, 0
1461321898904, 5555, 41192, 10, 0, 0, 0, 0, 0, 0, 0
1461321898909, 7000, 6000, 0, 11, 0, 1, 0, 0, 0, 0
1461321898909, 5555, 41192, 11, 0, 0, 0, 0, 0, 0, 0
1461321898915, 7000, 6000, 0, 12, 0, 1, 0, 0, 0, 0
1461321898915, 5555, 41192, 12, 0, 0, 0, 0, 0, 0, 0
1461321898921, 5555, 41192, 12, 0, 0, 0, 0, 0, 0, 0
1461321898926, 7000, 6000, 0, 13, 0, 1, 0, 0, 0, 0
1461321898927, 5555, 41192, 13, 0, 0, 0, 0, 0, 0, 1
1461321898933, 5555, 41192, 13, 0, 0, 0, 0, 0, 0, 0
