1461322607155, 5555, 41192, 0, 0, 0, 0, 0, 0, 0, 0
1461322607155, 5555, 41192, 1, 0, 0, 0, 0, 0, 0, 0
1461322607155, 5555, 41192, 2, 0, 0, 0, 0, 0, 0, 0
1461322607156, 5555, 41192, 3, 0, 0, 0, 0, 0, 0, 0
1461322607156, 5555, 41192, 4, 0, 0, 0, 0, 0, 0, 0
1461322607156, 5555, 41192, 5, 0, 0, 0, 0, 0, 0, 0
1461322607156, 5555, 41192, 6, 0, 0, 0, 0, 0, 0, 0
1461322607157, 5555, 41192, 7, 0, 0, 0, 0, 0, 0, 0
1461322607175, 7000, 6000, 0, 0, 0, 1, 0, 0, 0, 0
1461322607175, 7000, 6000, 0, 0, 0, 1, 0, 0, 0, 0
1461322607175, 7000, 6000, 0, 0, 0, 1, 0, 0, 0, 0
1461322607175, 5555, 41192, 0, 0, 0, 0, 0, 0, 0, 0
1461322607176, 7000, 6000, 0, 0, 0, 1, 0, 0, 0, 0
1461322607176, 7000, 6000, 0, 0, 0, 1, 0, 0, 0, 0
1461322608218, 5555, 41192, 0, 0, 0, 0, 0, 0, 0, 0
1461322608223, 7000, 6000, 0, 2, 0, 1, 0, 0, 0, 0
1461322608224, 5555, 41192, 8, 0, 0, 0, 0, 0, 0, 0
1461322608224, 5555, 41192, 9, 0, 0, 0, 0, 0, 0, 0
1461322608229, 7000, 6000, 0, 2, 0, 1, 0, 0, 0, 0
1461322608234, 5555, 41192, 2, 0, 0, 0, 0, 0, 0, 0
1461322608240, 7000, 6000, 0, 4, 0, 1, 0, 0, 0, 0
1461322608240, 5555, 41192, 10, 0, 0, 0, 0, 0, 0, 0
1461322608241, 5555, 41192, 11, 0, 0, 0, 0, 0, 0, 0
1461322608246, 5555, 41192, 4, 0, 0, 0, 0, 0, 0, 0
1461322608251, 7000, 6000, 0, 8, 0, 1, 0, 0, 0, 0
1461322608251, 5555, 41192, 8, 0, 0, 0, 0, 0, 0, 0
1461322608252, 5555, 41192, 12, 0, 0, 0, 0, 0, 0, 0
1461322608257, 5555, 41192, 8, 0, 0, 0, 0, 0, 0, 0
1461322608257, 7000, 6000, 0, 8, 0, 1, 0, 0, 0, 0
1461322608257, 5555, 41192, 8, 0, 0, 0, 0, 0, 0, 0
1461322608262, 7000, 6000, 0, 10, 0, 1, 0, 0, 0, 0
1461322608263, 7000, 6000, 0, 10, 0, 1, 0, 0, 0, 0
1461322608264, 5555, 41192, 10, 0, 0, 0, 0, 0, 0, 0
1461322608264, 5555, 41192, 10, 0, 0, 0, 0, 0, 0, 0
1461322608268, 5555, 41192, 10, 0, 0, 0, 0, 0, 0, 0
1461322608269, 5555, 41192, 10, 0, 0, 0, 0, 0, 0, 0
1461322608270, 5555, 41192, 10, 0, 0, 0, 0, 0, 0, 0
1461322608274, 5555, 41192, 10, 0, 0, 0, 0, 0, 0, 0
1461322608275, 5555, 41192, 10, 0, 0, 0, 0, 0, 0, 0
1461322608276, 5555, 41192, 10, 0, 0, 0, 0, 0, 0, 0
1461322608280, 5555, 41192, 10, 0, 0, 0, 0, 0, 0, 0
1461322608281, 5555, 41192, 10, 0, 0, 0, 0, 0, 0, 0
1461322608281, 7000, 6000, 0, 11, 0, 1, 0, 0, 0, 0
1461322608282, 5555, 41192, 11, 0, 0, 0, 0, 0, 0, 0
1461322608286, 5555, 41192, 11, 0, 0, 0, 0, 0, 0, 0
1461322608287, 5555, 41192, 11, 0, 0, 0, 0, 0, 0, 0
1461322608288, 5555, 41192, 11, 0, 0, 0, 0, 0, 0, 0
1461322608288, 5555, 41192, 11, 0, 0, 0, 0, 0, 0, 0
1461322608291, 5555, 41192, 11, 0, 0, 0, 0, 0, 0, 0
1461322608292, 7000, 6000, 0, 13, 0, 1, 0, 0, 0, 0
1461322608292, 5555, 41192, 13, 0, 0, 0, 0, 0, 0, 1
1461322608293, 5555, 41192, 13, 0, 0, 0, 0, 0, 0, 0
1461322608293, 5555, 41192, 13, 0, 0, 0, 0, 0, 0, 0
1461322608294, 5555, 41192, 13, 0, 0, 0, 0, 0, 0, 0
